[gd_scene load_steps=3 format=3 uid="uid://bahvb08w568yk"]

[ext_resource type="PackedScene" uid="uid://dtdr56hy1chfa" path="res://assets/Characters/gltf/Mage.glb" id="1_6febx"]
[ext_resource type="Script" path="res://mage_inherited.cs" id="2_d5el8"]

[node name="Mage" instance=ExtResource("1_6febx")]
script = ExtResource("2_d5el8")

[node name="Skeleton3D" parent="Rig" index="0"]
bones/1/position = Vector3(4.35612e-18, 0.360311, 1.03858e-24)
bones/2/rotation = Quaternion(1.13516e-10, 8.46058e-09, -0.0436194, 0.999048)
bones/3/rotation = Quaternion(1.1265e-10, -8.44078e-09, 0.0436194, 0.999048)
bones/4/rotation = Quaternion(-0.709766, 0.10333, -0.315923, 0.621086)
bones/5/rotation = Quaternion(2.67715e-08, -7.83566e-08, -0.660507, 0.75082)
bones/7/rotation = Quaternion(-0.452018, -0.0852764, -0.0550352, 0.886216)
bones/8/rotation = Quaternion(1.60975e-09, 1.60975e-09, -0.707107, 0.707107)
bones/11/rotation = Quaternion(-0.619014, 0.390466, 0.552897, 0.398326)
bones/12/rotation = Quaternion(1.79284e-08, 2.77748e-08, 0.55878, 0.829316)
bones/14/rotation = Quaternion(-0.224384, 0.512771, 0.0960221, 0.823103)
bones/15/rotation = Quaternion(1.60973e-09, -1.60973e-09, 0.707107, 0.707107)
bones/21/position = Vector3(0.170945, 0.113587, 0.02)
bones/21/rotation = Quaternion(0.945631, -1.5637e-07, -2.05878e-10, 0.325241)
bones/22/rotation = Quaternion(0.376612, 6.39599e-08, -2.61545e-07, 0.926371)
bones/23/rotation = Quaternion(-0.644513, -4.28065e-08, 2.31524e-08, 0.764593)
bones/24/rotation = Quaternion(-3.04791e-08, 0.920355, -0.391084, 6.94848e-08)
bones/25/position = Vector3(-0.170945, 0.0835873, -0.02)
bones/25/rotation = Quaternion(0.998976, 2.62425e-07, 3.6085e-08, -0.045244)
bones/26/rotation = Quaternion(0.698352, -4.94182e-08, 4.84982e-07, 0.715755)
bones/27/rotation = Quaternion(-0.737541, 3.02649e-07, -2.95571e-07, 0.675303)
bones/28/rotation = Quaternion(1.01465e-07, 0.767443, -0.641118, -1.10931e-07)
bones/29/rotation = Quaternion(0.707107, -2.29302e-07, -4.60552e-08, 0.707107)
bones/30/position = Vector3(0.170945, 0.175613, 0.431855)
bones/30/rotation = Quaternion(-0.866347, -4.81625e-08, -8.80646e-08, 0.499443)
bones/31/position = Vector3(4.55695e-09, 0.362833, -2.42861e-15)
bones/31/rotation = Quaternion(7.10544e-15, -1.38321e-22, 1, -2.33983e-34)
bones/32/rotation = Quaternion(-1.04035e-07, 0.391084, 0.920355, -2.9526e-08)
bones/34/rotation = Quaternion(1, -3.10863e-15, 1.94707e-07, -6.91739e-22)
bones/36/rotation = Quaternion(0.707107, -3.82385e-08, 1.45009e-07, 0.707107)
bones/37/position = Vector3(-0.170945, -0.0391851, -0.0758827)
bones/37/rotation = Quaternion(-0.401708, -9.3657e-08, -3.77511e-08, 0.915768)
bones/38/position = Vector3(1.94581e-08, 0.362833, -7.45058e-09)
bones/38/rotation = Quaternion(7.10544e-15, -1.38321e-22, 1, -2.33983e-34)
bones/39/rotation = Quaternion(-1.04035e-07, 0.391084, 0.920355, -2.95261e-08)
bones/43/position = Vector3(0.453508, 0.88116, -0.883876)
bones/44/position = Vector3(0.513182, 0.86398, -0.177878)
bones/44/rotation = Quaternion(0.699997, 0.100023, 0.699997, 0.100023)
bones/45/position = Vector3(-0.453507, 0.88116, -0.883876)
bones/46/position = Vector3(-0.513182, 0.942072, 0.219093)
bones/46/rotation = Quaternion(-0.551742, 0.442245, 0.551742, -0.442245)

[node name="Spellbook" parent="Rig/Skeleton3D" index="0"]
transform = Transform3D(-1.68202e-06, 0.999999, -3.35277e-07, -0.959981, -1.05684e-06, 0.280064, 0.280064, 6.52832e-07, 0.959981, 0.515551, 0.804199, 0.114793)

[node name="Spellbook_open" parent="Rig/Skeleton3D" index="1"]
transform = Transform3D(-1.68202e-06, 0.999999, -3.35277e-07, -0.959981, -1.05684e-06, 0.280064, 0.280064, 6.52832e-07, 0.959981, 0.515551, 0.770493, -0.000742257)

[node name="1H_Wand" parent="Rig/Skeleton3D" index="2"]
transform = Transform3D(2.09361e-06, -5.98031e-07, 0.999999, 0.217679, 0.97602, 4.08061e-09, -0.97602, 0.217679, 2.52907e-06, -0.490236, 0.912178, 0.377555)

[node name="2H_Staff" parent="Rig/Skeleton3D" index="3"]
transform = Transform3D(2.09361e-06, -5.98031e-07, 0.999999, 0.217679, 0.97602, 4.08061e-09, -0.97602, 0.217679, 2.52907e-06, -0.490236, 0.912178, 0.377555)

[node name="Mage_Hat" parent="Rig/Skeleton3D" index="4"]
transform = Transform3D(1, 7.19158e-09, 1.94749e-09, -1.62829e-17, 0.965926, 0.258819, -1.9817e-11, -0.258819, 0.965926, 0.0326824, 1.73732, -1.02156e-07)

[node name="Mage_Cape" parent="Rig/Skeleton3D" index="5"]
transform = Transform3D(1, 7.45058e-09, 1.98153e-11, -1.62831e-17, 1, -4.53629e-10, -1.9817e-11, 4.53629e-10, 1, 0.0326824, 1.16909, -1.02414e-07)
